104.5391604 4563.7885679
105.2124538 4164.9811178
106.3648979 3500.6312095
106.6343088 3367.8020841
107.5130699 2836.6551019
109.2771001 1509.3852996
109.5756443 1376.7020680
108.5971091 2040.1513575
108.4602559 2172.9315868
110.4492610 580.6929527
110.2860734 713.2599534
105.7110207 3899.1967532
110.7920554 315.1659790
107.2073413 2969.5080429
109.8915518 1111.3484504
111.0472792 182.4777072
104.8041938 4430.8313896
104.0913152 4829.7953269
104.3294885 4696.7991869
106.8633298 3235.0068799
108.0315609 2438.3754790
108.2068009 2305.6434293
105.9455364 3766.3143024
106.1190772 3633.4471160
108.7908384 1907.4459142
105.0066994 4297.8823393
109.7477047 1244.0814510
111.2076058 49.7058910
107.7607122 2703.8458539
110.6555765 447.9577925
107.8789789 2571.0971395
109.0396932 1774.7278471
110.0534248 978.7229552
107.0712848 3102.1899443
103.8831004 4962.8367436
110.1929801 846.0268827
105.4680969 4032.0640087
109.2025016 1642.0902791
239.5394727 3234.9607649
240.2298656 2836.6327381
240.6007006 2571.1031033
240.4181148 2703.8814077
241.5254446 1907.4527544
242.5828278 1111.3836877
243.3391297 447.9803187
242.2562428 1376.7372521
242.4078744 1244.0851455
243.2079530 580.7026736
238.8420875 3633.4662246
240.7174092 2438.3713613
240.0068150 2969.4121520
243.4843555 315.3652340
242.1072450 1509.4437886
237.8028716 4297.8407284
239.1037924 3500.6085371
236.8780150 4829.7312089
238.4238437 3899.1598995
238.2110255 4032.0088547
243.0614158 713.3824635
238.6755173 3766.2895858
237.1063666 4696.7380546
237.5426119 4430.8043254
241.7054771 1774.7637337
237.3425109 4563.7180928
241.8934211 1642.0832107
243.6599184 182.5492010
237.9980270 4164.8801699
239.8088795 3102.1581418
243.7691768 49.8676046
241.1160296 2172.9153125
242.9294529 846.0977346
241.0029373 2305.6968417
241.2935206 2040.1707224
242.6860519 978.7083941
236.6546689 4962.7897115
239.3515678 3367.7977317
369.4626652 4962.8702140
370.6086609 4297.8400291
372.6284489 3102.2248021
373.5425880 2438.4306451
372.3551294 3235.0102493
374.6719972 1642.1715629
371.0352756 4032.0745788
375.6161847 846.1889191
375.2024405 1111.4270838
375.4521449 978.8263786
374.4259045 1774.8329669
376.4311723 49.9978528
376.3530641 182.6644763
376.0128778 448.0509803
369.9558676 4696.7430375
372.8626390 2969.4210671
375.1782875 1244.1717104
374.8632626 1509.4683173
376.1730176 315.3187044
370.3750931 4430.8566435
371.9324962 3500.6663565
369.7468992 4829.7623525
371.2754279 3899.1762167
374.2454083 1907.5604935
373.3256329 2571.2080288
372.1879803 3367.8236937
371.6935718 3633.4584488
373.9466731 2173.0022281
370.1920231 4563.7506746
373.7189150 2305.7094118
375.8288858 713.4876756
370.8647090 4164.9255125
371.5145810 3766.3446965
375.0255958 1376.8441247
373.1473584 2703.9449229
376.0061279 580.8363067
372.9912135 2836.6955197
374.0564362 2040.2940080
503.1278109 4430.9992775
502.7575049 4696.9424630
502.5128969 4829.9060765
504.6451032 3500.8309099
505.4395036 2969.6490707
505.6951727 2836.9206376
507.7283373 1377.1321148
507.4923800 1509.7530611
506.5387641 2173.2080769
508.4621581 713.7650496
508.5483819 580.9043430
504.1837136 3766.5393364
506.7937910 2040.5022285
507.8214814 1244.3514403
509.1390596 50.2726872
508.7486957 448.3848569
503.5954333 4165.1707371
504.4115091 3633.6920500
506.2171375 2438.7225939
507.2519690 1642.4958314
505.8012994 2704.1905866
508.2211884 846.5577422
506.0424986 2571.4469245
507.1133823 1775.1026880
505.2435623 3102.4093312
506.9325633 1907.7530866
504.8348465 3368.0143120
502.9699777 4563.9429910
506.3721837 2305.9453652
503.3814314 4298.0612758
504.0139377 3899.4101889
508.1416459 979.1133366
505.0716684 3235.1958657
508.9300534 315.6754216
502.3422172 4962.9916386
503.7886381 4032.2717855
507.9713737 1111.7561882
509.0499450 183.0019560
635.9870481 4564.0270998
635.6070980 4829.9848888
635.8197476 4696.9577601
637.6233594 3500.9113471
638.7783916 2704.2354646
637.0008760 3899.4614788
638.6238056 2837.0387761
640.6244652 1377.0844587
641.4555144 581.0955082
640.4390267 1509.8707099
638.1970621 3102.5834513
637.8798411 3368.0925827
636.5947471 4165.2062876
641.2250460 846.5356277
642.1808931 50.4336985
639.1520682 2438.8115589
636.1864721 4431.0650568
638.1044751 3235.2780001
637.2412696 3766.5855017
637.4424238 3633.7338361
636.8128453 4032.3144612
641.7610649 448.5116508
641.1027669 979.1902921
639.9129589 1907.8915096
641.8879892 315.8266171
638.4005723 2969.7157885
639.7204308 2040.6273864
640.9967336 1111.8723758
639.0170066 2571.5117266
642.0245513 183.1048595
640.7794390 1244.5923241
636.4169356 4298.1083789
640.0593903 1775.2531128
639.5433169 2173.3303532
635.4719728 4963.0143532
639.3352749 2306.0446384
640.2463525 1642.5779906
641.3895900 713.9015374
769.0302530 4431.0470214
770.6386462 3368.0293983
770.4516084 3500.9101885
772.4953766 2040.6252207
773.4757479 1244.5898682
774.4493370 448.6208471
768.8602330 4563.9774817
768.4879783 4829.9138080
773.8157253 979.2577522
774.0536667 846.5891529
771.7896937 2571.5562121
770.8585968 3235.2764423
774.2890183 581.3756924
770.2214395 3633.7616100
770.0407745 3766.5671564
771.2192775 2969.7591036
769.2066137 4298.1053623
773.0241435 1642.6403894
768.2779277 4962.9575942
774.9838658 50.4647029
768.6775789 4696.9392065
773.1847888 1509.8874627
772.2077828 2306.0116141
772.6762065 1907.8989228
769.4257292 4165.1939072
771.5930101 2704.2545019
771.9675228 2438.8382487
769.6535196 4032.3004385
772.8733532 1775.1866623
773.7123046 1111.8760973
774.8176353 183.1437378
774.6383430 315.8614397
769.8242364 3899.4303676
773.3890031 1377.2227648
774.1874338 713.9470563
772.2903301 2173.3197095
771.3992383 2837.0216059
771.0504829 3102.4951597
901.6711408 4563.9925797
903.5691933 3235.3180975
904.6867254 2438.8603584
905.5554715 1775.2795478
907.3572023 183.0858579
907.3605419 315.9327546
902.7941230 3766.6056934
906.9922914 581.3341360
901.1293950 4962.9703638
901.2758444 4829.9582632
903.0177431 3633.7843920
902.0608508 4298.1495921
905.1868942 2040.6973034
906.2404828 1244.6480550
905.0732478 2173.4254197
904.4540463 2571.6029374
906.5756762 979.3360305
904.8291423 2306.1056902
906.0590193 1377.2695210
905.4046168 1907.9596524
902.2367977 4165.2229023
902.4026948 4032.3404604
906.7497271 846.6788787
904.3220140 2704.3022610
907.6967285 50.5590527
905.7622371 1642.6480448
906.4272341 1112.0019757
903.1702807 3500.9564702
903.7845177 3102.5706152
903.3588624 3368.1138822
902.5987392 3899.4459101
906.8422087 714.0102139
901.4960378 4696.9600707
901.8856725 4431.0542982
903.9494500 2969.8268357
905.8421742 1510.0499964
904.1321127 2837.0144825
907.2093462 448.6648988
1035.3740587 3633.9245824
1036.3474344 2969.9890564
1038.1254929 1642.8986310
1038.2234966 1510.1714969
1039.1928702 714.2009084
1040.0122446 50.7565085
1034.3465607 4431.2639649
1033.6454611 4963.1311970
1034.9089781 4032.5035106
1034.0232095 4697.1362851
1033.8597261 4830.1073249
1035.1015688 3899.6468256
1036.0268509 3235.5125383
1036.7347530 2704.5164308
1037.4758504 2173.5983761
1035.8358890 3368.3073948
1038.5002821 1377.5537439
1038.9504095 979.4757809
1036.5588493 2837.2260788
1039.4701790 581.5586311
1039.9007753 183.4577217
1035.2849976 3766.7612678
1034.2108139 4564.1365100
1037.9975092 1775.5041830
1037.6306067 2040.9014911
1039.0854069 846.8463011
1037.8587383 1908.1161811
1036.1751534 3102.7801309
1034.7328544 4165.3823894
1035.6657832 3501.0923905
1037.1108038 2439.0777983
1038.5651425 1244.8613573
1036.9367080 2571.8439438
1039.6499854 448.8466277
1037.2612923 2306.2965738
1038.7567977 1112.1722276
1034.5686096 4298.2942609
1039.7596519 316.1607680
1167.4819936 4165.5284761
1170.4843881 1908.2770726
1170.6840977 1775.6913150
1169.6396456 2571.9288194
1171.6155752 979.6673073
1172.6235182 183.6446584
1168.5691876 3368.4627784
1168.7528243 3235.6640827
1169.9502787 2306.4836567
1167.8575031 3899.7853902
1171.1211976 1377.6921095
1168.2010021 3634.0640547
1169.8315264 2439.2031122
1171.4841839 1112.3105931
1170.1334793 2173.8338307
1171.7667390 847.0129458
1168.0435131 3766.9727636
1166.6913858 4830.2561510
1168.3951765 3501.2654149
1167.3729119 4298.4145586
1172.4761186 316.3649945
1166.5149647 4963.2625759
1169.4554722 2704.6750646
1169.1147990 2970.1342820
1168.9417170 3102.8835440
1169.2589467 2837.4437857
1172.0557203 581.7502834
1167.1933892 4431.3465942
1171.0577942 1510.3569904
1170.8492144 1643.0544144
1172.2554296 449.0387395
1166.8577307 4697.2760958
1172.7233871 50.9666586
1167.0130125 4564.3085892
1167.7080141 4032.6662527
1170.4069457 2041.0550001
1171.3449481 1245.0302027
1171.9315330 714.4010043
1300.1033373 4431.3874595
1300.6034927 4032.6793145
1301.6432409 3235.6545750
1302.6942578 2439.2384572
1303.5474943 1775.7190793
1304.5027600 979.7518127
1304.5943617 847.0793058
1305.4909358 183.6621151
1299.6389061 4830.2778549
1301.8088319 3102.9492235
1300.7673076 3899.7696093
1301.1348916 3634.1101261
1302.8064369 2306.5463103
1299.8469031 4697.2591423
1303.3437880 1908.3965877
1301.0045560 3766.9658240
1303.8721605 1510.3849866
1303.1875092 2041.1149324
1302.1765349 2837.4700757
1302.0168525 2970.1795081
1302.5080820 2571.9876394
1304.0245366 1377.7556709
1304.3892520 1112.4432244
1303.0278124 2173.8406186
1301.3009063 3501.3150373
1303.6813164 1643.0574378
1304.9362587 581.8396748
1305.1278515 449.1375754
1305.6234867 51.0337343
1299.9754393 4564.3153257
1301.4835499 3368.4961490
1302.2912516 2704.6976373
1299.4971777 4963.2737293
1304.8408271 714.3882125
1300.4671429 4165.5359595
1304.2121849 1245.1105560
1305.3187240 316.4592614
1300.2967528 4298.4216217
1432.5389220 4697.3755472
1433.6198210 3766.9908720
1432.9824407 4298.4900638
1434.6072819 2970.1979017
1436.6070910 1377.8096217
1434.0910588 3368.4913974
1437.5796603 581.8110693
1437.7055874 449.1746769
1432.3648512 4830.3222244
1434.3567319 3235.7259897
1433.9566961 3501.3148828
1433.8117385 3634.1140083
1435.4545192 2306.5813500
1433.4364467 3899.8249146
1435.9988098 1908.4959965
1432.2358974 4963.2589697
1437.1008726 979.8699600
1434.9269093 2704.7513971
1438.1601442 51.0667554
1435.2677988 2439.3083920
1434.4332052 3102.9543791
1433.1331183 4165.5524773
1434.7932573 2837.4929921
1435.7929136 2041.1718506
1435.6212244 2173.9021143
1436.9033351 1112.4946430
1432.6859132 4564.3794387
1438.0711693 183.7251343
1432.8321277 4431.4306949
1435.1185679 2572.0178704
1433.2918698 4032.7113728
1437.3364700 714.4882661
1437.1955601 847.1535420
1436.8335859 1245.1199624
1436.1343241 1775.7875003
1436.2688872 1643.1289269
1436.4271531 1510.4389348
1437.9218395 316.5073414
1565.4127443 4564.5033689
1567.4441700 2837.6040471
1568.4060819 2041.4524491
1569.6271651 1112.5903048
1570.5780094 316.6293764
1567.6170211 2704.8814832
1565.3000296 4697.4740631
1570.8745605 51.2143996
1570.6996215 183.8957325
1566.8973768 3368.6858133
1568.6399693 1908.6265259
1566.6619913 3501.4781815
1566.0369110 4032.8233963
1569.1095869 1510.6188327
1567.8076079 2572.1861711
1570.0651260 714.6078000
1568.9369852 1643.2692656
1567.9742445 2439.4092327
1570.4127955 449.2792857
1568.1376169 2306.7537115
1565.0091670 4963.3499876
1566.9977354 3235.9213432
1568.2996611 2174.0108087
1567.3369264 2970.3767748
1566.4989612 3634.2995880
1570.1583760 582.0064113
1566.2133966 3899.9959662
1568.8406746 1775.9331442
1567.1548360 3103.1322604
1569.2970233 1378.0130851
1569.9338988 847.3161563
1569.7634665 979.9669823
1569.4532891 1245.3110810
1565.1434160 4830.4580131
1566.4035441 3767.1316330
1565.8964041 4165.6751241
1565.7676694 4298.6104566
1565.6095991 4431.5727594
1698.5015989 4431.7967561
1699.1555594 3767.3902864
1698.8025807 4165.9340032
1699.3584001 3634.5045495
1701.6749559 1643.4757483
1703.5955222 51.4769163
1700.0650657 2970.6125929
1700.4194650 2705.1158935
1700.8856485 2306.9612945
1702.2077552 1245.4877246
1703.1193376 449.5582154
1698.6534894 4298.8278618
1699.5991256 3501.7346492
1700.7389760 2439.6778220
1699.8120477 3236.1384581
1701.0960457 2174.2872791
1699.9640510 3103.3408526
1702.6314820 847.5404007
1701.3654030 1908.8633779
1702.4691419 980.1913112
1702.3728821 1112.8479609
1703.4427235 184.1234441
1702.7893182 714.9208359
1703.2728460 316.9042695
1701.2407020 2041.6131588
1700.2346880 2837.9224547
1701.8412540 1510.8276328
1702.0162320 1378.1993255
1702.9704063 582.2513931
1700.5930995 2572.4631749
1699.0461186 3900.1755500
1701.5523748 1776.1240181
1697.9052870 4963.6893747
1698.1761711 4697.7164063
1698.0669303 4830.7178955
1698.3572384 4564.7456981
1698.8929141 4033.0688604
1699.6631628 3368.8772374
1831.2089722 4697.8008098
1831.7279893 4165.9916511
1832.6933014 3368.8677094
1833.6663669 2439.8098596
1834.6072380 1643.5940097
1835.7326838 714.9392005
1831.4595555 4431.8317625
1831.3245337 4564.8281519
1831.9326965 4033.1076978
1835.2325072 1112.9188792
1832.1603588 3767.4211190
1833.0452103 2970.7134702
1833.5287846 2572.5207303
1832.0353276 3900.2797144
1835.0872528 1245.6216023
1836.0182767 449.6366283
1836.5397596 51.5241320
1830.9220007 4963.7638140
1835.5539845 847.5819277
1836.2035265 316.9457567
1832.9087694 3103.4251295
1836.3785716 184.2555592
1833.9757811 2174.3116046
1832.3023903 3634.5895138
1834.4688578 1776.2848408
1833.3934046 2705.2763995
1834.2830616 1908.9569081
1832.4851503 3501.8343074
1833.2317589 2838.0383789
1833.7896540 2307.0923960
1834.9362256 1378.3030568
1834.1245910 2041.6841012
1831.0624471 4830.7974905
1835.8923651 582.2971096
1835.4205993 980.2725764
1831.6190539 4298.8895478
1832.7330086 3236.2212278
1834.8093877 1510.9072800
1965.2730370 3369.0522569
1964.7238370 3900.3102077
1964.8451147 3767.4837838
1965.0213139 3634.6766961
1966.4645218 2307.1031797
1965.7982052 2838.0107817
1967.3898962 1510.9795939
1965.7266066 2970.6825279
1965.4187887 3236.2451671
1966.7740549 2041.6748458
1965.9931578 2705.2458678
1968.0376010 980.3428986
1964.3693122 4298.9860170
1963.6916469 4963.8267718
1968.8642382 317.0312324
1966.3385102 2439.8350053
1966.9795949 1908.9933032
1964.4706121 4166.0503151
1967.1982833 1643.6760115
1966.6175655 2174.3833404
1966.1050420 2572.5451506
1968.2196473 847.5936111
1965.1072017 3501.8351472
1968.5592874 582.3622693
1964.6060688 4033.1550760
1967.1089524 1776.3188988
1965.5851049 3103.4216043
1967.5629126 1378.2546623
1968.3115874 715.0059961
1967.7956630 1245.6488271
1969.0142191 184.2673580
1964.2313431 4431.8896415
1964.0855764 4564.8445703
1963.8127088 4830.8080652
1963.9511719 4697.8238264
1967.9029449 1112.9720103
1968.7282455 449.7409971
1969.2263658 51.5773584
2099.4510375 2041.7918598
2099.6577321 1909.0858551
2101.5733121 317.1026879
2098.6311008 2838.0991549
2097.9330075 3501.9464140
2097.5230956 3900.4236909
2101.2758050 582.4327814
2100.8882584 847.7446767
2096.6731217 4830.9541036
2098.8458745 2572.6571075
2097.8205301 3634.7841612
2097.2800259 4166.1614825
2099.8172536 1776.3628173
2096.9138434 4564.9991708
2097.1751555 4299.0660928
2100.6283143 1113.0505505
2098.4907696 2970.8173891
2096.5327034 4963.9582262
2096.7932082 4697.9985461
2101.9134900 51.6543387
2097.6638100 3767.6593555
2099.1030877 2439.9278656
2098.3530455 3103.5660588
2098.0928259 3369.1183937
2099.1852951 2307.2289999
2100.4686378 1245.7518912
2097.0364171 4432.0012380
2101.0780083 715.1183049
2098.7680441 2705.4021759
2098.1606302 3236.3738273
2100.1526388 1511.0685790
2099.9917688 1643.7569962
2101.4418935 449.7946128
2097.4090144 4033.2922508
2099.3220848 2174.5734764
2100.7477658 980.4269336
2100.2871672 1378.3995811
2101.7690576 184.4116298
2229.5034189 4299.3509276
2229.9067436 3900.7555981
2231.7921428 2042.0190547
2233.7059528 450.0661139
2229.3696333 4432.3239148
2230.1089962 3635.0582316
2228.9195793 4964.1891744
2230.2298181 3502.2166804
2230.9901184 2705.6926750
2232.6864766 1245.9954423
2229.9667381 3767.8814946
2232.0257238 1776.6496704
2231.2955696 2440.2048289
2234.0234676 184.6369382
2231.6426615 2174.7799352
2230.3324952 3369.4443795
2229.0495291 4831.1823587
2229.1697080 4698.2054689
2230.5726228 3103.8658197
2231.4387176 2307.4575146
2230.8899462 2838.3880513
2231.8575954 1909.3579820
2232.8824478 1113.3451859
2230.4829957 3236.5941692
2229.2637502 4565.2566538
2229.7386692 4033.5803495
2233.4000035 715.4174599
2232.9962639 980.6706418
2229.6487947 4166.4460116
2232.6326091 1378.6685011
2233.8667277 317.3755124
2233.4854439 582.7368904
2233.1655083 847.9954527
2230.7325654 2971.1115026
2231.1614374 2572.9458623
2232.3831996 1511.3756914
2232.2415978 1644.0261497
2234.2235244 51.9055306
2362.0935940 4831.3503630
2362.5368547 4299.4975450
2362.2882085 4565.3823511
2362.0006866 4964.3858386
2366.2701000 715.4929273
2366.9330785 184.7529541
2366.3869145 582.8217797
2363.3166302 3369.5613834
2362.6471174 4166.6189588
2363.0889013 3635.1980963
2363.6634912 2971.2204895
2364.7815886 2042.2243548
2364.3991864 2307.6185619
2363.6204803 3103.9916988
2364.1207141 2573.0859437
2363.0111214 3768.0493522
2365.9639593 980.8102644
2366.7795875 317.4885366
2365.1862202 1644.1301682
2363.2371755 3502.3517904
2363.4347174 3236.7811881
2366.6729666 450.1717465
2365.0254270 1776.7880713
2362.7765039 4033.7260504
2365.4756956 1378.7645871
2362.1844603 4698.3681924
2363.8374899 2838.5176291
2362.4146658 4432.3916200
2365.6448150 1246.1323926
2364.2937643 2440.3472365
2362.9028604 3900.8858234
2366.1048172 848.1157682
2364.8788108 1909.5163307
2367.1310535 52.0390684
2364.5740947 2174.8776320
2365.7773669 1113.4616872
2365.3290295 1511.4866945
2363.9553252 2705.7832693
2494.9136113 4831.4488268
2495.1314539 4565.4632619
2495.0506673 4698.4487422
2494.8450224 4964.4448409
2495.9819337 3502.4438913
2495.4904282 4166.6760269
2498.6893365 980.8220049
2497.0147066 2440.4113620
2495.2454925 4432.5093943
2495.6789789 3900.9362807
2496.3546372 3104.0710019
2495.3527115 4299.5357458
2498.8179536 848.1414746
2495.8360223 3768.0509459
2498.2319166 1378.8569781
2499.3501871 450.1379473
2496.2565185 3236.8604530
2497.2798157 2307.7069814
2498.4551161 1246.1086937
2496.6116398 2838.5537862
2497.7497246 1776.7824183
2497.6596072 1909.5308754
2497.2820885 2175.0069362
2496.8977573 2573.1283008
2499.1592702 582.8212194
2496.7092125 2705.8376399
2499.0221695 715.4940311
2498.5263158 1113.4657334
2496.5287281 2971.2946510
2497.9491309 1644.1719829
2499.5973447 317.4832332
2497.4791844 2042.2378617
2498.0866242 1511.5146027
2499.7268229 184.7748010
2496.0038065 3635.2966688
2496.0908679 3369.6312818
2495.6071776 4033.7727974
2499.9293426 52.0810169
2627.9567134 4565.5906611
2628.2369009 4166.7724773
2631.7982206 582.8583818
2628.0373732 4432.6650133
2627.7007701 4964.5639930
2628.3670090 4033.9113428
2627.7958047 4831.5658473
2629.2421830 2971.3918670
2629.0360998 3236.9587927
2628.8612509 3369.7341425
2629.1301753 3104.1627818
2630.0528046 2175.0304443
2629.3921811 2838.6332197
2629.5156949 2705.9351496
2628.6139668 3768.2171781
2630.9169075 1378.9025915
2630.2031791 2042.3669440
2628.4798277 3901.0320859
2627.8982214 4698.5538395
2629.9104274 2307.7850395
2632.2492490 317.5182973
2629.7504888 2440.4718327
2631.7429032 715.5621625
2630.7543012 1511.5819024
2630.6245872 1644.2534988
2631.5175540 848.2483101
2630.4850080 1776.9503094
2631.3904717 980.9215490
2631.0810378 1246.2250440
2628.8106834 3502.5501094
2632.5945627 52.0589376
2630.3554564 1909.6621171
2628.7251687 3635.3947906
2629.5858257 2573.2135296
2628.1541515 4299.6891790
2631.2178323 1113.5343259
2632.0133474 450.1872475
2632.4284290 184.8232878
2760.6968932 4565.8894520
2761.1385957 3901.3368450
2761.2077148 3768.5004234
2760.5884898 4698.8107816
2763.4006450 1511.7939334
2762.5706169 2308.0165748
2761.3216599 3635.5932823
2764.8539809 317.7407547
2764.4404099 583.0888426
2762.8538047 2042.5922060
2760.9684166 4167.0148741
2760.7934248 4432.9455773
2760.8719031 4299.9924487
2764.1032033 848.4861045
2764.3246665 715.7868715
2763.5665847 1379.1032911
2760.5043222 4831.8580456
2761.4450448 3502.8228586
2760.4454934 4964.8464048
2761.0660129 4034.1105364
2761.5360019 3369.9950011
2762.6971223 2175.2873157
2765.0367678 184.9852630
2761.6824236 3237.2461549
2763.1284457 1777.1391644
2761.7833455 3104.4326628
2765.2463338 52.3060708
2763.7008938 1246.4447163
2763.8619387 1113.7897804
2763.2550355 1644.4263345
2763.9877541 981.1521761
2761.8719667 2971.6545192
2762.1644632 2706.1723959
2762.9746939 1909.8829090
2762.2581701 2573.4421876
2762.3911585 2440.7756615
2762.0579242 2838.9318595
2764.6024812 450.3887351
2893.8696783 4300.2027301
2894.1365637 3901.5559968
2893.8072012 4433.1763460
2897.9497254 185.2001352
2896.4374523 1379.2757827
2897.7693320 317.9035996
2897.5038030 450.5145309
2896.7463565 1113.9760373
2893.9797958 4167.2976478
2895.3986249 2308.1654498
2895.8675049 1910.0598738
2897.0841364 848.7051158
2894.7015591 3104.6387105
2895.9548146 1777.3123850
2893.5386304 4965.1093525
2893.6694273 4699.0562487
2894.3144260 3635.8801628
2896.9329824 981.3615452
2895.7181247 2042.8089119
2895.2106022 2573.6392000
2896.5697459 1246.6865842
2894.6467238 3237.3893212
2893.6032428 4832.0903571
2893.7612715 4566.1034195
2894.0452238 4034.4030195
2895.3244836 2440.9061265
2894.5369228 3370.2198817
2894.2737477 3768.6871037
2894.8322866 2971.8940019
2898.1513349 52.4427196
2896.2893409 1512.0039812
2894.4431004 3503.0629707
2894.9627791 2839.1196420
2895.1048021 2706.3823762
2896.1195726 1644.6300818
2895.5952188 2175.4485442
2897.4299104 583.2900956
2897.2224042 716.0247438
3026.6413929 4699.1903541
3026.5173490 4965.2930819
3030.8535755 185.2000873
3026.5995343 4832.2346310
3030.6627146 317.8875309
3027.3265407 3503.1496432
3027.0743991 3901.6446762
3026.7080264 4566.2529518
3030.0658763 716.0770779
3027.7403735 2971.9218645
3027.8215567 2839.1877367
3026.7724592 4433.2949285
3028.1925561 2440.9881824
3029.8386383 981.4005169
3028.5848830 2042.8294452
3028.3762654 2308.3283922
3028.0894475 2573.7154917
3027.6619595 3104.7002717
3029.4643831 1246.6475076
3027.4339257 3370.3082134
3027.9601511 2706.4934694
3027.2070995 3768.7794611
3027.0268739 4034.5051352
3029.3093071 1379.2916053
3027.3114993 3635.9254392
3026.8999948 4167.4105763
3026.8518375 4300.3163936
3031.0727167 52.4759417
3028.8990552 1777.3767062
3030.5322318 450.6246507
3029.6769190 1114.0350925
3028.7359780 1910.1175889
3027.5662084 3237.5461581
3028.4893614 2175.5594782
3029.1920278 1512.0069198
3029.0540687 1644.7350259
3030.2646038 583.3388384
3030.0007403 848.7938081
3159.3125149 4965.3971571
3159.4711000 4566.3972985
3159.5849906 4300.4455959
3160.5932081 2706.5677862
3159.5081355 4433.4224363
3159.6269727 4167.4919728
3162.6436842 848.8063503
3163.5002678 185.1665063
3163.3641205 317.9811718
3159.3497030 4832.3574387
3159.4077128 4699.3649119
3160.1162544 3370.4029115
3160.7572232 2573.8016514
3162.4722531 981.4275732
3161.9774590 1379.3315749
3159.9057154 3768.9278787
3161.5575648 1777.4479233
3159.8108873 3901.7218285
3162.1630229 1246.6945840
3160.2291982 3237.5997959
3161.4117687 1910.1808723
3161.1361470 2175.5741776
3160.0180342 3636.0407450
3160.3765640 3104.8049617
3163.1753776 450.6643491
3163.0104827 583.4065982
3160.9334900 2441.0208006
3161.7395630 1644.7871300
3160.4443176 2972.0655693
3160.9818550 2308.3266655
3159.7579803 4034.6134676
3161.8404789 1512.0797671
3160.0810895 3503.2755522
3161.2801734 2042.8664005
3160.5231762 2839.2672402
3163.7631224 52.4957379
3162.8166183 716.1439141
3162.3468246 1114.0756439
3292.1373412 4832.6093981
3292.2867113 4433.6664759
3292.7132084 3636.2842867
3292.0844137 4965.6498266
3292.5744418 3902.0090903
3292.9446666 3237.8364558
3292.4069582 4167.7649941
3294.8849052 1246.8617589
3292.1961768 4699.6400564
3295.7780831 583.5445071
3292.8643101 3370.6208222
3292.6705314 3769.1458062
3294.7169316 1379.5167041
3293.2158964 2839.4811370
3293.8737315 2175.7665136
3295.5522164 716.2481024
3293.7170132 2308.5033095
3292.8015047 3503.4338600
3296.1302091 318.0661099
3294.3018881 1777.6299617
3293.5881392 2441.2503143
3296.4948936 52.5482159
3295.3153018 848.8933346
3294.1157987 1910.3078109
3293.5105266 2573.9847373
3292.5388111 4034.9060451
3293.1397035 2972.2225002
3292.3387623 4300.6824152
3296.2814782 185.3077641
3294.0221513 2043.0476754
3295.9161541 450.7906766
3294.5479696 1512.2129845
3293.3370292 2706.7338087
3292.2403585 4566.6551192
3295.0187301 1114.1658810
3294.3906826 1644.9070878
3293.0949737 3105.0242297
3295.2225446 981.6041517
3425.2249316 4035.1896346
3425.3158004 3902.3244025
3425.3715678 3769.4504282
3425.5684461 3370.9436329
3425.7773111 3105.3521449
3427.0489336 1645.1878436
3428.0126051 849.0909064
3426.9081969 1777.9471369
3427.3177830 1379.7855819
3428.5201613 451.0288440
3425.8514099 2972.5590490
3426.3166798 2441.5334264
3427.8118609 981.7884987
3428.7273169 318.3057292
3425.9452427 2839.8216279
3424.8934786 4966.0146107
3424.9411318 4832.9449189
3425.0338504 4566.9445861
3424.9765875 4699.9231449
3425.1723014 4168.0702652
3425.0726137 4433.9627290
3425.1159723 4301.0027417
3426.7892130 1910.6442863
3426.1379416 2574.2934878
3425.6920062 3238.1083064
3426.4968302 2176.0499422
3425.5236337 3503.7625451
3425.3999437 3636.5872956
3426.7207718 2043.3546246
3428.4230222 583.7917378
3426.0391203 2707.0474138
3427.2078479 1512.4962712
3426.4581595 2308.7960549
3427.6728183 1114.4729803
3429.1548206 52.8201456
3427.4910577 1247.1537632
3428.1996294 716.4733106
3428.9133158 185.5524447
3558.1850751 4301.2044279
3558.7332931 3238.2887459
3558.7623451 3105.4439408
3559.5209345 2176.1740236
3559.7476974 1910.7472095
3558.2935673 3902.4984158
3559.4168892 2308.8698337
3559.6157296 2043.4462896
3561.4940288 451.1161927
3561.7293777 318.3555175
3558.2590777 4168.2682292
3558.5404059 3503.9084956
3558.4344476 3769.5753331
3560.9650945 849.1315559
3562.1405718 52.8371462
3558.9978889 2839.9234957
3561.1577570 716.4820912
3560.1825315 1512.5894855
3559.8971396 1777.9928016
3558.0600724 4833.0616580
3558.1145082 4567.0884892
3558.0756148 4700.0745606
3558.0382069 4966.1002473
3558.1367587 4434.0873158
3561.9404887 185.6135840
3559.1615358 2574.4088480
3560.0295751 1645.2855980
3560.4768391 1247.2053131
3561.3938551 583.8485896
3559.0809748 2707.1805529
3558.8809782 2972.7298655
3560.3213971 1379.9024270
3560.6437095 1114.5257659
3559.2992397 2441.6461014
3558.2656137 4035.3654330
3560.8132985 981.8539547
3558.6681533 3371.1013469
3558.4100526 3636.7083982
3690.8839596 4833.3116349
3690.9157478 4700.3026967
3691.1523614 3769.7104335
3691.6194062 2972.8098275
3693.3696108 1114.5597685
3693.4799774 981.9074048
3692.2642670 2176.2926271
3694.2730869 451.0622170
3691.0931485 4035.5209878
3694.7108797 185.6027689
3691.0192337 4301.3665010
3691.1867099 3902.6012850
3691.9379584 2574.5240678
3691.7161809 2840.0792530
3692.3445960 2043.5155095
3693.9151397 716.4705655
3693.7468895 849.1562195
3691.5315739 3105.6041838
3690.8733030 4966.2194705
3693.1843688 1247.2043901
3692.6032234 1778.0795681
3690.9404141 4567.1725649
3691.9955571 2441.8002059
3693.0232261 1379.8979005
3694.9129413 52.8504680
3694.0852242 583.7924232
3691.2552199 3636.8524888
3694.5039220 318.3324464
3692.1369308 2309.0157010
3691.3654006 3503.9417165
3690.9598503 4434.3107965
3691.4963088 3238.3526213
3692.8208906 1645.3477738
3691.0609600 4168.4210083
3691.4128285 3371.1800610
3691.8348161 2707.2420479
3692.9224663 1512.6508702
3692.4890428 1910.7955783
3823.8199595 4833.5100361
3823.8990424 4434.5317026
3823.7996977 4966.5535403
3824.0043247 4035.7251393
3826.0701553 1247.3702888
3825.4771118 1778.2148015
3826.7373892 716.5859087
3826.9466238 583.8600404
3827.5555432 185.7173650
3823.9694145 4168.6274144
3824.4684365 2972.9946509
3824.7655719 2574.6705963
3827.7494471 52.9326676
3824.3784689 3105.7589092
3824.2960867 3371.3307904
3824.3237520 3238.5761460
3824.8605173 2441.8977134
3824.6666649 2707.4002177
3825.7755879 1512.7778960
3824.6309237 2840.1898176
3825.1220220 2176.3676498
3825.9205631 1380.0047728
3825.2298921 2043.6603625
3824.1093981 3637.0093647
3824.9796893 2309.1255250
3827.3388239 318.4166175
3823.9260917 4301.5655933
3827.1291567 451.1568282
3824.0545772 3769.9309317
3825.3795891 1911.0487969
3824.0356080 3902.8528963
3823.8474346 4700.5454403
3826.5361594 849.2457474
3823.8551659 4567.4793157
3826.2603585 1114.6258637
3824.1793859 3504.2327467
3826.4187554 982.0037773
3825.6418734 1645.5159471
3956.4559659 4833.9241712
3956.4956576 4567.9443355
3956.7523223 3371.7657140
3957.1303162 2707.7150407
3957.6903496 2043.9758244
3956.7249888 3504.5555898
3956.6373686 3770.2924177
3956.5768614 4036.1295675
3957.0243965 2973.3024817
3959.6656243 451.4000563
3958.6968350 1114.9255766
3959.1132903 849.5655948
3959.2836260 716.8722731
3957.5511240 2309.4635767
3958.1129379 1645.7775228
3960.2976371 53.1918588
3960.0490111 185.9943261
3957.9362486 1778.5334009
3959.8793218 318.7036247
3958.9381461 982.2829708
3957.6131276 2176.6789288
3957.8137360 1911.2560621
3958.5424133 1247.6255387
3958.2230548 1513.0891908
3956.8941004 3238.8674225
3956.4541606 4700.8806309
3956.9132945 3106.1009119
3957.0816891 2840.5113507
3956.6628426 3637.4468092
3956.4912941 4301.8856604
3957.3015396 2574.9529314
3956.5344830 4168.9721218
3957.4114186 2442.2047509
3956.4217976 4434.8687015
3956.6050049 3903.2066638
3959.4883182 584.1551269
3956.4054221 4966.9269052
3958.4360281 1380.3540943